x1 = 3.33333
x2 = 0.333333
